2左 772.62 2980.58 0.00
2右 -772.62 2980.58 0.00
3左 1505.14 16590.00 -300.00
3右 -1505.14 16590.00 -300.00
4 0.00 2625.00 526.28
5 10.00 16600.00 574.95
15左 3894.27 15840.00 109.37
15右 -3894.27 15840.00 109.37
1 137.67 150.00 -262.59
2B左 466.73 2975.00 -600.00
2B右 -466.73 2975.00 -600.00
7左 1851.61 9580.00 -15.00
7右 -1851.61 9580.00 -15.00
7B左 1451.63 9580.00 -800.00
7B右 -1451.63 9580.00 -800.00
11左 2470.78 12770.39 148.80
11右 -2470.78 12770.39 148.80
11A左 2752.96 12234.26 235.26
11A右 -2752.96 12234.26 235.26
12左 2463.60 14800.00 115.23
12右 -2463.60 14800.00 115.23
13左 2464.32 16562.96 135.86
13右 -2464.32 16562.96 135.86
13A左 2466.16 17760.93 188.45
13A右 -2466.16 17760.93 188.45
14左 3894.53 14371.73 116.83
14右 -3894.53 14371.73 116.83
16左 3895.77 17483.00 152.50
16右 -3895.77 17483.00 152.50
17左 6192.40 16197.28 15.44
17右 -6192.40 16197.28 15.44
18左 5805.82 16521.84 63.23
18右 -5805.82 16521.84 63.23
19左 5806.73 17111.40 89.16
19右 -5806.73 17111.40 89.16
21左 2342.52 7188.27 302.85
21右 -2342.52 7188.27 302.85
22左 2345.82 8070.00 284.12
22右 -2345.82 8070.00 284.12
23左 2345.54 9070.51 314.51
23右 -2345.54 9070.51 314.51
24左 3716.80 8773.99 559.67
24右 -3716.80 8773.99 559.67
25左 3712.12 9348.83 586.23
25右 -3712.12 9348.83 586.23
31左 2359.69 18108.25 928.74
31右 -2359.69 18108.25 928.74
32左 2338.05 18740.00 845.34
32右 -2338.05 18740.00 845.34
33左 2260.89 19455.22 777.74
33右 -2260.89 19455.22 777.74
34左 2994.52 19502.90 2226.16
34右 -2994.52 19502.90 2226.16
35左 2995.87 19894.72 2225.47
35右 -2995.87 19894.72 2225.47
36左 2986.06 20303.53 2230.47
36右 -2986.06 20303.53 2230.47
41左 2385.63 19744.43 -627.614
41右 -2385.63 19744.43 -627.614
42左 2227.25 20154.39 71.826
42右 -2227.25 20154.39 71.826
43左 2583.63 19744.43 -627.614
43右 -2583.63 19744.43 -627.614
51左 1123.00 6156.01 288.11
51右 -1123.00 6156.01 288.11
52左 1687.01 5720.68 94.14
52右 -1687.01 5720.68 94.14
53左 1459.86 5879.88 -343.23
53右 -1459.86 5879.88 -343.23
54左 1208.14 6054.11 -824.36
54右 -1208.14 6054.11 -824.36
55左 375.00 6684.78 -859.83
55右 -375.00 6667.07 -859.83
53A左 1099.30 6159.02 -159.51
53A右 -1099.30 6159.02 -159.51
53B左 940.68 5550.00 -78.69
53B右 -940.68 5550.00 -78.69
54A左 655.03 6482.59 -542.54
54A右 -655.03 6482.59 -542.54
54B左 570.59 5816.53 -499.26
54B右 -570.59 5816.53 -499.26