2_L 772.62 2980.58 0.00
2_R -772.62 2980.58 0.00
3_L 1505.14 16590.00 -300.00
3_R -1505.14 16590.00 -300.00
4 0.00 2625.00 526.28
5 10.00 16600.00 574.95
15_L 3894.27 15840.00 109.37
15_R -3894.27 15840.00 109.37
1 137.67 150.00 -262.59
2B_L 466.73 2975.00 -600.00
2B_R -466.73 2975.00 -600.00
7_L 1851.61 9580.00 -15.00
7_R -1851.61 9580.00 -15.00
7B_L 1451.63 9580.00 -800.00
7B_R -1451.63 9580.00 -800.00
11_L 2470.78 12770.39 148.80
11_R -2470.78 12770.39 148.80
11A_L 2752.96 12234.26 235.26
11A_R -2752.96 12234.26 235.26
12_L 2463.60 14800.00 115.23
12_R -2463.60 14800.00 115.23
13_L 2464.32 16562.96 135.86
13_R -2464.32 16562.96 135.86
13A_L 2466.16 17760.93 188.45
13A_R -2466.16 17760.93 188.45
14_L 3894.53 14371.73 116.83
14_R -3894.53 14371.73 116.83
16_L 3895.77 17483.00 152.50
16_R -3895.77 17483.00 152.50
17_L 6192.40 16197.28 15.44
17_R -6192.40 16197.28 15.44
18_L 5805.82 16521.84 63.23
18_R -5805.82 16521.84 63.23
19_L 5806.73 17111.40 89.16
19_R -5806.73 17111.40 89.16
21_L 2342.52 7188.27 302.85
21_R -2342.52 7188.27 302.85
22_L 2345.82 8070.00 284.12
22_R -2345.82 8070.00 284.12
23_L 2345.54 9070.51 314.51
23_R -2345.54 9070.51 314.51
24_L 3716.80 8773.99 559.67
24_R -3716.80 8773.99 559.67
25_L 3712.12 9348.83 586.23
25_R -3712.12 9348.83 586.23
31_L 2359.69 18108.25 928.74
31_R -2359.69 18108.25 928.74
32_L 2338.05 18740.00 845.34
32_R -2338.05 18740.00 845.34
33_L 2260.89 19455.22 777.74
33_R -2260.89 19455.22 777.74
34_L 2994.52 19502.90 2226.16
34_R -2994.52 19502.90 2226.16
35_L 2995.87 19894.72 2225.47
35_R -2995.87 19894.72 2225.47
36_L 2986.06 20303.53 2230.47
36_R -2986.06 20303.53 2230.47
41_L 2385.63 19744.43 -627.614
41_R -2385.63 19744.43 -627.614
42_L 2227.25 20154.39 71.826
42_R -2227.25 20154.39 71.826
43_L 2583.63 19744.43 -627.614
43_R -2583.63 19744.43 -627.614
51_L 1123.00 6156.01 288.11
51_R -1123.00 6156.01 288.11
52_L 1687.01 5720.68 94.14
52_R -1687.01 5720.68 94.14
53_L 1459.86 5879.88 -343.23
53_R -1459.86 5879.88 -343.23
54_L 1208.14 6054.11 -824.36
54_R -1208.14 6054.11 -824.36
55_L 375.00 6684.78 -859.83
55_R -375.00 6667.07 -859.83
53A_L 1099.30 6159.02 -159.51
53A_R -1099.30 6159.02 -159.51
53B_L 940.68 5550.00 -78.69
53B_R -940.68 5550.00 -78.69
54A_L 655.03 6482.59 -542.54
54A_R -655.03 6482.59 -542.54
54B_L 570.59 5816.53 -499.26
54B_R -570.59 5816.53 -499.26